AA: 700 -> 212.5418834904581
C: 600 -> 113.089421097746
CR2025: 240 -> 109.74492843302332
AA: 4000 -> 1768.435123956782
